{
    "camera_angle_x": 0.7494921684265137,
    "frames": [
        {
            "file_path": "./train/r_0",
            "rotation": 0.031415926535897934,
            "transform_matrix": [
                [
                    -0.9999992847442627,
                    0.0,
                    0.0,
                    0.0
                ],
                [
                    0.0,
                    -0.7341094017028809,
                    0.6790300607681274,
                    2.737260103225708
                ],
                [
                    0.0,
                    0.6790300607681274,
                    0.7341092824935913,
                    2.959291696548462
                ],
                [
                    0.0,
                    0.0,
                    0.0,
                    1.0
                ]
            ]
        },
        {
            "file_path": "./train/r_1",
            "rotation": 0.031415926535897934,
            "transform_matrix": [
                [
                    -0.9980260133743286,
                    0.046095110476017,
                    -0.042636651545763016,
                    -0.17187398672103882
                ],
                [
                    -0.06279047578573227,
                    -0.7326608300209045,
                    0.6776901483535767,
                    2.731858730316162
                ],
                [
                    -3.725287189837445e-09,
                    0.6790301203727722,
                    0.7341092824935913,
                    2.959291696548462
                ],
                [
                    0.0,
                    0.0,
                    0.0,
                    1.0
                ]
            ]
        },
        {
            "file_path": "./train/r_2",
            "rotation": 0.031415926535897934,
            "transform_matrix": [
                [
                    -0.9921140074729919,
                    0.09199360758066177,
                    -0.08512092381715775,
                    -0.34313371777534485
                ],
                [
                    -0.12533314526081085,
                    -0.7282044291496277,
                    0.6738014817237854,
                    2.7161829471588135
                ],
                [
                    0.0,
                    0.6791568994522095,
                    0.7339920401573181,
                    2.9588191509246826
                ],
                [
                    0.0,
                    0.0,
                    0.0,
                    1.0
                ]
            ]
        },
        {
            "file_path": "./train/r_3",
            "rotation": 0.031415926535897934,
            "transform_matrix": [
                [
                    -0.9822865128517151,
                    0.13747049868106842,
                    -0.12733253836631775,
                    -0.5132942199707031
                ],
                [
                    -0.18738119304180145,
                    -0.7206454873085022,
                    0.6675004959106445,
                    2.690782308578491
                ],
                [
                    1.490114787117136e-08,
                    0.6795368790626526,
                    0.7336402535438538,
                    2.9574005603790283
                ],
                [
                    0.0,
                    0.0,
                    0.0,
                    1.0
                ]
            ]
        },
        {
            "file_path": "./train/r_4",
            "rotation": 0.031415926535897934,
            "transform_matrix": [
                [
                    -0.9685825705528259,
                    0.18230310082435608,
                    -0.16915129125118256,
                    -0.6818711757659912
                ],
                [
                    -0.24868977069854736,
                    -0.7100235819816589,
                    0.6588007211685181,
                    2.655712842941284
                ],
                [
                    7.45057571194252e-09,
                    0.6801695227622986,
                    0.7330537438392639,
                    2.9550364017486572
                ],
                [
                    0.0,
                    0.0,
                    0.0,
                    1.0
                ]
            ]
        },
        {
            "file_path": "./train/r_5",
            "rotation": 0.031415926535897934,
            "transform_matrix": [
                [
                    -0.9510558247566223,
                    0.2262723445892334,
                    -0.21045708656311035,
                    -0.848380446434021
                ],
                [
                    -0.30901679396629333,
                    -0.6963946223258972,
                    0.6477202773094177,
                    2.611046314239502
                ],
                [
                    1.490114875934978e-08,
                    0.6810535192489624,
                    0.7322325110435486,
                    2.951726198196411
                ],
                [
                    0.0,
                    0.0,
                    0.0,
                    1.0
                ]
            ]
        },
        {
            "file_path": "./train/r_6",
            "rotation": 0.031415926535897934,
            "transform_matrix": [
                [
                    -0.9297759532928467,
                    0.26916399598121643,
                    -0.25112980604171753,
                    -1.0123374462127686
                ],
                [
                    -0.3681243360042572,
                    -0.6798306703567505,
                    0.6342814564704895,
                    2.556872606277466
                ],
                [
                    0.0,
                    0.6821870803833008,
                    0.731176495552063,
                    2.9474692344665527
                ],
                [
                    0.0,
                    0.0,
                    0.0,
                    1.0
                ]
            ]
        },
        {
            "file_path": "./train/r_7",
            "rotation": 0.031415926535897934,
            "transform_matrix": [
                [
                    -0.9048264622688293,
                    0.3107701539993286,
                    -0.2910490930080414,
                    -1.1732574701309204
                ],
                [
                    -0.4257790446281433,
                    -0.6604202389717102,
                    0.6185108423233032,
                    2.4932990074157715
                ],
                [
                    0.0,
                    0.6835680603981018,
                    0.7298855781555176,
                    2.942265510559082
                ],
                [
                    0.0,
                    0.0,
                    0.0,
                    1.0
                ]
            ]
        },
        {
            "file_path": "./train/r_8",
            "rotation": 0.031415926535897934,
            "transform_matrix": [
                [
                    -0.8763059973716736,
                    0.35089001059532166,
                    -0.3300946354866028,
                    -1.3306550979614258
                ],
                [
                    -0.4817533493041992,
                    -0.6382664442062378,
                    0.6004398465156555,
                    2.420452356338501
                ],
                [
                    1.490115053570662e-08,
                    0.6851937174797058,
                    0.7283596992492676,
                    2.9361143112182617
                ],
                [
                    0.0,
                    0.0,
                    0.0,
                    1.0
                ]
            ]
        },
        {
            "file_path": "./train/r_9",
            "rotation": 0.031415926535897934,
            "transform_matrix": [
                [
                    -0.8443273901939392,
                    0.38933101296424866,
                    -0.36814573407173157,
                    -1.484044075012207
                ],
                [
                    -0.5358265042304993,
                    -0.6134874224662781,
                    0.5801047682762146,
                    2.3384790420532227
                ],
                [
                    0.0,
                    0.6870610117912292,
                    0.7265985608100891,
                    2.9290149211883545
                ],
                [
                    0.0,
                    0.0,
                    0.0,
                    1.0
                ]
            ]
        },
        {
            "file_path": "./train/r_10",
            "rotation": 0.031415926535897934,
            "transform_matrix": [
                [
                    -0.8090164065361023,
                    0.4259105622768402,
                    -0.4050818085670471,
                    -1.632938265800476
                ],
                [
                    -0.587785005569458,
                    -0.5862154364585876,
                    0.5575471520423889,
                    2.247546434402466
                ],
                [
                    1.490115142388504e-08,
                    0.6891661882400513,
                    0.7246021628379822,
                    2.9209671020507812
                ],
                [
                    0.0,
                    0.0,
                    0.0,
                    1.0
                ]
            ]
        },
        {
            "file_path": "./train/r_11",
            "rotation": 0.031415926535897934,
            "transform_matrix": [
                [
                    -0.7705127596855164,
                    0.46045610308647156,
                    -0.4407820403575897,
                    -1.7768508195877075
                ],
                [
                    -0.637423574924469,
                    -0.5565957427024841,
                    0.5328139066696167,
                    2.147843360900879
                ],
                [
                    1.490115231206346e-08,
                    0.6915052533149719,
                    0.7223702073097229,
                    2.9119701385498047
                ],
                [
                    0.0,
                    0.0,
                    0.0,
                    1.0
                ]
            ]
        },
        {
            "file_path": "./train/r_12",
            "rotation": 0.031415926535897934,
            "transform_matrix": [
                [
                    -0.7289680242538452,
                    0.492807537317276,
                    -0.47512608766555786,
                    -1.915296196937561
                ],
                [
                    -0.6845467686653137,
                    -0.5247865915298462,
                    0.5059577226638794,
                    2.0395827293395996
                ],
                [
                    -1.490115231206346e-08,
                    0.6940736174583435,
                    0.7199028134346008,
                    2.9020237922668457
                ],
                [
                    0.0,
                    0.0,
                    0.0,
                    1.0
                ]
            ]
        },
        {
            "file_path": "./train/r_13",
            "rotation": 0.031415926535897934,
            "transform_matrix": [
                [
                    -0.6845465898513794,
                    0.5228164196014404,
                    -0.5079936981201172,
                    -2.0477898120880127
                ],
                [
                    -0.7289682030677795,
                    -0.4909571707248688,
                    0.4770377278327942,
                    1.9230021238327026
                ],
                [
                    0.0,
                    0.6968663334846497,
                    0.7171999216079712,
                    2.891127824783325
                ],
                [
                    0.0,
                    0.0,
                    0.0,
                    1.0
                ]
            ]
        },
        {
            "file_path": "./train/r_14",
            "rotation": 0.031415926535897934,
            "transform_matrix": [
                [
                    -0.6374235153198242,
                    0.5503479242324829,
                    -0.5392651557922363,
                    -2.17384934425354
                ],
                [
                    -0.7705129384994507,
                    -0.45528724789619446,
                    0.4461188018321991,
                    1.7983639240264893
                ],
                [
                    0.0,
                    0.6998777985572815,
                    0.7142613530158997,
                    2.879282236099243
                ],
                [
                    0.0,
                    0.0,
                    0.0,
                    1.0
                ]
            ]
        },
        {
            "file_path": "./train/r_15",
            "rotation": 0.031415926535897934,
            "transform_matrix": [
                [
                    -0.5877846479415894,
                    0.5752819776535034,
                    -0.568821907043457,
                    -2.292996406555176
                ],
                [
                    -0.8090165853500366,
                    -0.4179665744304657,
                    0.4132730960845947,
                    1.6659585237503052
                ],
                [
                    0.0,
                    0.7031024694442749,
                    0.7110874056816101,
                    2.866487503051758
                ],
                [
                    0.0,
                    0.0,
                    0.0,
                    1.0
                ]
            ]
        },
        {
            "file_path": "./train/r_16",
            "rotation": 0.031415926535897934,
            "transform_matrix": [
                [
                    -0.5358263254165649,
                    0.5975123643875122,
                    -0.5965462327003479,
                    -2.404757022857666
                ],
                [
                    -0.844327449798584,
                    -0.3791927993297577,
                    0.37857964634895325,
                    1.5261046886444092
                ],
                [
                    -2.980230462412692e-08,
                    0.7065339088439941,
                    0.707677960395813,
                    2.8527438640594482
                ],
                [
                    0.0,
                    0.0,
                    0.0,
                    1.0
                ]
            ]
        },
        {
            "file_path": "./train/r_17",
            "rotation": 0.031415926535897934,
            "transform_matrix": [
                [
                    -0.4817531108856201,
                    0.6169494390487671,
                    -0.6223227381706238,
                    -2.5086653232574463
                ],
                [
                    -0.8763061165809631,
                    -0.3391706645488739,
                    0.3421246409416199,
                    1.3791497945785522
                ],
                [
                    1.490115053570662e-08,
                    0.7101654410362244,
                    0.704033613204956,
                    2.838052749633789
                ],
                [
                    0.0,
                    0.0,
                    0.0,
                    1.0
                ]
            ]
        },
        {
            "file_path": "./train/r_18",
            "rotation": 0.031415926535897934,
            "transform_matrix": [
                [
                    -0.42577874660491943,
                    0.6335188746452332,
                    -0.6460376977920532,
                    -2.6042633056640625
                ],
                [
                    -0.9048264622688293,
                    -0.2981111705303192,
                    0.3040020763874054,
                    1.2254726886749268
                ],
                [
                    1.490114875934978e-08,
                    0.7139901518821716,
                    0.7001545429229736,
                    2.822415590286255
                ],
                [
                    0.0,
                    0.0,
                    0.0,
                    1.0
                ]
            ]
        },
        {
            "file_path": "./train/r_19",
            "rotation": 0.031415926535897934,
            "transform_matrix": [
                [
                    -0.3681240677833557,
                    0.6471627354621887,
                    -0.667580246925354,
                    -2.6911044120788574
                ],
                [
                    -0.9297760725021362,
                    -0.2562296390533447,
                    0.2643134891986847,
                    1.06548273563385
                ],
                [
                    0.0,
                    0.7180007696151733,
                    0.6960411071777344,
                    2.8058338165283203
                ],
                [
                    0.0,
                    0.0,
                    0.0,
                    1.0
                ]
            ]
        },
        {
            "file_path": "./train/r_20",
            "rotation": 0.031415926535897934,
            "transform_matrix": [
                [
                    -0.30901655554771423,
                    0.657840371131897,
                    -0.6868428587913513,
                    -2.768754482269287
                ],
                [
                    -0.9510560035705566,
                    -0.2137451171875,
                    0.22316858172416687,
                    0.8996220827102661
                ],
                [
                    0.0,
                    0.7221893668174744,
                    0.6916942000389099,
                    2.788311004638672
                ],
                [
                    0.0,
                    0.0,
                    0.0,
                    1.0
                ]
            ]
        },
        {
            "file_path": "./train/r_21",
            "rotation": 0.031415926535897934,
            "transform_matrix": [
                [
                    -0.2486894577741623,
                    0.6655278205871582,
                    -0.7037221193313599,
                    -2.836796998977661
                ],
                [
                    -0.9685825705528259,
                    -0.17087829113006592,
                    0.1806849092245102,
                    0.7283647656440735
                ],
                [
                    0.0,
                    0.7265480160713196,
                    0.6871145367622375,
                    2.7698497772216797
                ],
                [
                    0.0,
                    0.0,
                    0.0,
                    1.0
                ]
            ]
        },
        {
            "file_path": "./train/r_22",
            "rotation": 0.031415926535897934,
            "transform_matrix": [
                [
                    -0.187380850315094,
                    0.6702179312705994,
                    -0.7181189656257629,
                    -2.8948326110839844
                ],
                [
                    -0.9822865128517151,
                    -0.12785066664218903,
                    0.13698826730251312,
                    0.5522178411483765
                ],
                [
                    7.4505748237641e-09,
                    0.7310681343078613,
                    0.6823031902313232,
                    2.7504544258117676
                ],
                [
                    0.0,
                    0.0,
                    0.0,
                    1.0
                ]
            ]
        },
        {
            "file_path": "./train/r_23",
            "rotation": 0.031415926535897934,
            "transform_matrix": [
                [
                    -0.1253328174352646,
                    0.671920895576477,
                    -0.7299399375915527,
                    -2.9424843788146973
                ],
                [
                    -0.9921141266822815,
                    -0.08488311618566513,
                    0.09221260249614716,
                    0.37172117829322815
                ],
                [
                    -3.725288078015865e-09,
                    0.7357414960861206,
                    0.6772612929344177,
                    2.7301297187805176
                ],
                [
                    0.0,
                    0.0,
                    0.0,
                    1.0
                ]
            ]
        },
        {
            "file_path": "./train/r_24",
            "rotation": 0.031415926535897934,
            "transform_matrix": [
                [
                    -0.06279011070728302,
                    0.670664370059967,
                    -0.7390974164009094,
                    -2.9793996810913086
                ],
                [
                    -0.9980261325836182,
                    -0.04219437763094902,
                    0.046499792486429214,
                    0.18744681775569916
                ],
                [
                    -1.8626440390079324e-09,
                    0.7405588030815125,
                    0.6719902753829956,
                    2.7088818550109863
                ],
                [
                    0.0,
                    0.0,
                    0.0,
                    1.0
                ]
            ]
        },
        {
            "file_path": "./train/r_25",
            "rotation": 0.031415926535897934,
            "transform_matrix": [
                [
                    4.0133892298399587e-07,
                    0.6664919257164001,
                    -0.7455111742019653,
                    -3.005254030227661
                ],
                [
                    -0.9999992847442627,
                    2.674893266885192e-07,
                    -2.992028385051526e-07,
                    -1.206126285069331e-06
                ],
                [
                    0.0,
                    0.7455111742019653,
                    0.6664919257164001,
                    2.6867170333862305
                ],
                [
                    0.0,
                    0.0,
                    0.0,
                    1.0
                ]
            ]
        },
        {
            "file_path": "./train/r_26",
            "rotation": 0.031415926535897934,
            "transform_matrix": [
                [
                    0.06279090791940689,
                    0.6594641804695129,
                    -0.749107837677002,
                    -3.0197529792785645
                ],
                [
                    -0.9980261325836182,
                    0.04149025306105614,
                    -0.047130193561315536,
                    -0.18998804688453674
                ],
                [
                    0.0,
                    0.7505890727043152,
                    0.6607680320739746,
                    2.6636435985565186
                ],
                [
                    0.0,
                    0.0,
                    0.0,
                    1.0
                ]
            ]
        },
        {
            "file_path": "./train/r_27",
            "rotation": 0.031415926535897934,
            "transform_matrix": [
                [
                    0.12533360719680786,
                    0.6496574878692627,
                    -0.7498232126235962,
                    -3.022636651992798
                ],
                [
                    -0.9921139478683472,
                    0.08207113295793533,
                    -0.09472505003213882,
                    -0.3818492293357849
                ],
                [
                    0.0,
                    0.7557829022407532,
                    0.6548209190368652,
                    2.639669895172119
                ],
                [
                    0.0,
                    0.0,
                    0.0,
                    1.0
                ]
            ]
        },
        {
            "file_path": "./train/r_28",
            "rotation": 0.031415926535897934,
            "transform_matrix": [
                [
                    0.18738164007663727,
                    0.6371636986732483,
                    -0.7476021647453308,
                    -3.0136830806732178
                ],
                [
                    -0.9822864532470703,
                    0.12154577672481537,
                    -0.14261309802532196,
                    -0.5748922824859619
                ],
                [
                    0.0,
                    0.7610830664634705,
                    0.6486531496047974,
                    2.614806652069092
                ],
                [
                    0.0,
                    0.0,
                    0.0,
                    1.0
                ]
            ]
        },
        {
            "file_path": "./train/r_29",
            "rotation": 0.031415926535897934,
            "transform_matrix": [
                [
                    0.24869023263454437,
                    0.6220893859863281,
                    -0.7423990964889526,
                    -2.992709159851074
                ],
                [
                    -0.9685824513435364,
                    0.15972572565078735,
                    -0.19061610102653503,
                    -0.7683987617492676
                ],
                [
                    -7.4505766001209395e-09,
                    0.7664797306060791,
                    0.6422672271728516,
                    2.589064359664917
                ],
                [
                    0.0,
                    0.0,
                    0.0,
                    1.0
                ]
            ]
        },
        {
            "file_path": "./train/r_30",
            "rotation": 0.031415926535897934,
            "transform_matrix": [
                [
                    0.3090173006057739,
                    0.6045548319816589,
                    -0.7341798543930054,
                    -2.959576368331909
                ],
                [
                    -0.9510557055473328,
                    0.19643214344978333,
                    -0.23854993283748627,
                    -0.9616263508796692
                ],
                [
                    0.0,
                    0.7719626426696777,
                    0.6356666088104248,
                    2.5624563694000244
                ],
                [
                    0.0,
                    0.0,
                    0.0,
                    1.0
                ]
            ]
        },
        {
            "file_path": "./train/r_31",
            "rotation": 0.031415926535897934,
            "transform_matrix": [
                [
                    0.3681248426437378,
                    0.5846941471099854,
                    -0.7229213118553162,
                    -2.914191722869873
                ],
                [
                    -0.9297757148742676,
                    0.23149719834327698,
                    -0.28622525930404663,
                    -1.153812050819397
                ],
                [
                    1.490115142388504e-08,
                    0.7775219082832336,
                    0.6288545727729797,
                    2.5349960327148438
                ],
                [
                    0.0,
                    0.0,
                    0.0,
                    1.0
                ]
            ]
        },
        {
            "file_path": "./train/r_32",
            "rotation": 0.031415926535897934,
            "transform_matrix": [
                [
                    0.4257795810699463,
                    0.5626529455184937,
                    -0.7086125016212463,
                    -2.856511116027832
                ],
                [
                    -0.9048262238502502,
                    0.26476481556892395,
                    -0.33344829082489014,
                    -1.3441742658615112
                ],
                [
                    -1.490115231206346e-08,
                    0.7831472158432007,
                    0.621834933757782,
                    2.5066988468170166
                ],
                [
                    0.0,
                    0.0,
                    0.0,
                    1.0
                ]
            ]
        },
        {
            "file_path": "./train/r_33",
            "rotation": 0.031415926535897934,
            "transform_matrix": [
                [
                    0.4817538261413574,
                    0.538588285446167,
                    -0.6912556290626526,
                    -2.7865428924560547
                ],
                [
                    -0.8763058185577393,
                    0.29609182476997375,
                    -0.38002151250839233,
                    -1.5319170951843262
                ],
                [
                    -1.490115053570662e-08,
                    0.7888287305831909,
                    0.6146117448806763,
                    2.477581262588501
                ],
                [
                    0.0,
                    0.0,
                    0.0,
                    1.0
                ]
            ]
        },
        {
            "file_path": "./train/r_34",
            "rotation": 0.031415926535897934,
            "transform_matrix": [
                [
                    0.5358269810676575,
                    0.5126671195030212,
                    -0.6708654165267944,
                    -2.7043471336364746
                ],
                [
                    -0.8443270325660706,
                    0.3253488838672638,
                    -0.4257447421550751,
                    -1.7162333726882935
                ],
                [
                    -1.490115142388504e-08,
                    0.7945559024810791,
                    0.6071896553039551,
                    2.447661876678467
                ],
                [
                    0.0,
                    0.0,
                    0.0,
                    1.0
                ]
            ]
        },
        {
            "file_path": "./train/r_35",
            "rotation": 0.031415926535897934,
            "transform_matrix": [
                [
                    0.5877853631973267,
                    0.48506492376327515,
                    -0.6474709510803223,
                    -2.610041379928589
                ],
                [
                    -0.8090160489082336,
                    0.3524208068847656,
                    -0.470415860414505,
                    -1.8963086605072021
                ],
                [
                    1.490115142388504e-08,
                    0.8003185391426086,
                    0.5995734930038452,
                    2.4169602394104004
                ],
                [
                    0.0,
                    0.0,
                    0.0,
                    1.0
                ]
            ]
        },
        {
            "file_path": "./train/r_36",
            "rotation": 0.031415926535897934,
            "transform_matrix": [
                [
                    0.6374242305755615,
                    0.4559652507305145,
                    -0.6211155652999878,
                    -2.5037992000579834
                ],
                [
                    -0.7705123424530029,
                    0.37720787525177,
                    -0.5138323307037354,
                    -2.0713260173797607
                ],
                [
                    0.0,
                    0.8061069250106812,
                    0.5917685627937317,
                    2.3854973316192627
                ],
                [
                    0.0,
                    0.0,
                    0.0,
                    1.0
                ]
            ]
        },
        {
            "file_path": "./train/r_37",
            "rotation": 0.031415926535897934,
            "transform_matrix": [
                [
                    0.6845471262931824,
                    0.4255574345588684,
                    -0.5918568968772888,
                    -2.3858535289764404
                ],
                [
                    -0.7289676666259766,
                    0.3996255397796631,
                    -0.5557913780212402,
                    -2.240468740463257
                ],
                [
                    -1.490115231206346e-08,
                    0.8119105696678162,
                    0.5837803483009338,
                    2.3532960414886475
                ],
                [
                    0.0,
                    0.0,
                    0.0,
                    1.0
                ]
            ]
        },
        {
            "file_path": "./train/r_38",
            "rotation": 0.031415926535897934,
            "transform_matrix": [
                [
                    0.7289686799049377,
                    0.39403536915779114,
                    -0.5597671866416931,
                    -2.256495714187622
                ],
                [
                    -0.6845460534095764,
                    0.41960570216178894,
                    -0.5960924625396729,
                    -2.4029273986816406
                ],
                [
                    1.4901153200241879e-08,
                    0.8177196979522705,
                    0.5756151080131531,
                    2.320380687713623
                ],
                [
                    0.0,
                    0.0,
                    0.0,
                    1.0
                ]
            ]
        },
        {
            "file_path": "./train/r_39",
            "rotation": 0.031415926535897934,
            "transform_matrix": [
                [
                    0.7705131769180298,
                    0.3615969717502594,
                    -0.5249338746070862,
                    -2.1160778999328613
                ],
                [
                    -0.6374229192733765,
                    0.43709635734558105,
                    -0.6345371007919312,
                    -2.5579028129577637
                ],
                [
                    0.0,
                    0.8235246539115906,
                    0.5672791004180908,
                    2.2867767810821533
                ],
                [
                    0.0,
                    0.0,
                    0.0,
                    1.0
                ]
            ]
        },
        {
            "file_path": "./train/r_40",
            "rotation": 0.031415926535897934,
            "transform_matrix": [
                [
                    0.8090168833732605,
                    0.32844170928001404,
                    -0.4874589443206787,
                    -1.9650115966796875
                ],
                [
                    -0.5877842903137207,
                    0.4520619511604309,
                    -0.670930802822113,
                    -2.704610824584961
                ],
                [
                    0.0,
                    0.8293156027793884,
                    0.5587789416313171,
                    2.252511978149414
                ],
                [
                    0.0,
                    0.0,
                    0.0,
                    1.0
                ]
            ]
        },
        {
            "file_path": "./train/r_41",
            "rotation": 0.031415926535897934,
            "transform_matrix": [
                [
                    0.8443277478218079,
                    0.294769823551178,
                    -0.4474594295024872,
                    -1.8037680387496948
                ],
                [
                    -0.535825788974762,
                    0.46448370814323425,
                    -0.705084502696991,
                    -2.8422887325286865
                ],
                [
                    0.0,
                    0.8350832462310791,
                    0.550122082233429,
                    2.2176146507263184
                ],
                [
                    0.0,
                    0.0,
                    0.0,
                    1.0
                ]
            ]
        },
        {
            "file_path": "./train/r_42",
            "rotation": 0.031415926535897934,
            "transform_matrix": [
                [
                    0.8763065338134766,
                    0.26078054308891296,
                    -0.40506666898727417,
                    -1.6328773498535156
                ],
                [
                    -0.4817526340484619,
                    0.47435903549194336,
                    -0.7368150353431702,
                    -2.9701988697052
                ],
                [
                    0.0,
                    0.8408183455467224,
                    0.5413158535957336,
                    2.1821160316467285
                ],
                [
                    0.0,
                    0.0,
                    0.0,
                    1.0
                ]
            ]
        },
        {
            "file_path": "./train/r_43",
            "rotation": 0.031415926535897934,
            "transform_matrix": [
                [
                    0.9048268795013428,
                    0.2266709804534912,
                    -0.36042648553848267,
                    -1.4529269933700562
                ],
                [
                    -0.42577821016311646,
                    0.481701523065567,
                    -0.7659471035003662,
                    -3.0876340866088867
                ],
                [
                    1.490115231206346e-08,
                    0.846511721611023,
                    0.5323683619499207,
                    2.146047353744507
                ],
                [
                    0.0,
                    0.0,
                    0.0,
                    1.0
                ]
            ]
        },
        {
            "file_path": "./train/r_44",
            "rotation": 0.031415926535897934,
            "transform_matrix": [
                [
                    0.9297762513160706,
                    0.19263464212417603,
                    -0.3136984705924988,
                    -1.2645601034164429
                ],
                [
                    -0.36812347173690796,
                    0.48654088377952576,
                    -0.7923139333724976,
                    -3.193922519683838
                ],
                [
                    1.490115231206346e-08,
                    0.8521550893783569,
                    0.5232877135276794,
                    2.1094422340393066
                ],
                [
                    0.0,
                    0.0,
                    0.0,
                    1.0
                ]
            ]
        },
        {
            "file_path": "./train/r_45",
            "rotation": 0.031415926535897934,
            "transform_matrix": [
                [
                    0.951056182384491,
                    0.15885987877845764,
                    -0.265055388212204,
                    -1.0684733390808105
                ],
                [
                    -0.3090159296989441,
                    0.4889219403266907,
